           0   30904.408631509050     
           1   30919.483014095378     
           2   30909.087827890457     
           3   30917.010490842575     
           4   30919.109608142997     
           5   30919.331618034284     
           6   30914.934000669164     
           7   30918.170395375590     
           8   30921.407007885551     
           9   30915.027820849940     
          10   30915.402158711368     
          11   30926.458511812718     
          12   30912.211269834301     
          13   30919.963369818423     
          14   30932.177411996367     
          15   30917.099811181812     
          16   30917.020294003065     
          17   30917.699323342989     
          18   30933.263405039248     
          19   30914.734333059780     
          20   30910.841722916470     
          21   30917.844714755389     
          22   30916.638242759527     
          23   30916.074608132116     
          24   30913.411734207828     
          25   30920.879368742913     
          26   30919.525895856466     
          27   30915.295045589093     
          28   30920.809668032245     
          29   30915.268179208349     
          30   30910.059450118188     
          31   30912.002588062125     
          32   30914.310620251483     
          33   30918.449779116032     
          34   30913.893524282776     
          35   30922.548635504860     
          36   30920.788216488862     
          37   30921.321076892225     
          38   30910.785129163578     
          39   30916.646911086027     
          40   30913.625767421174     
          41   30915.591288485488     
          42   30924.883776009221     
          43   30924.877992990238     
          44   30921.693636383883     
          45   30919.601718532522     
          46   30916.771301661949     
          47   30917.507431284106     
          48   30919.901975676068     
          49   30926.530425821860     
          50   30914.882578513734     
          51   30930.117963754503     
          52   30914.910538196717     
          53   30916.772234198779     
          54   30919.364398309379     
          55   30916.976167290341     
          56   30920.614386075438     
          57   30924.361514867203     
          58   30918.272527781482     
          59   30924.525457195203     
          60   30914.427110563283     
          61   30922.842317769126     
          62   30911.825630813004     
          63   30916.574128274406     
          64   30924.367696135047     
          65   30914.119010303875     
          66   30918.053465723508     
          67   30915.942358054734     
          68   30927.670083350207     
          69   30928.218233979151     
          70   30932.590561150777     
          71   30918.839692828806     
          72   30938.669109572267     
          73   30917.369985605099     
          74   30914.548372045276     
          75   30913.121862382442     
          76   30919.242689917632     
          77   30917.305516534441     
          78   30916.684500807343     
          79   30921.735615225178     
          80   30919.460633180508     
          81   30921.495708344301     
          82   30920.755061398180     
          83   30925.066098841344     
          84   30931.998393947615     
          85   30915.833692684006     
          86   30920.685313153219     
          87   30913.576144774881     
          88   30917.261971206455     
          89   30925.540529470771     
          90   30921.959634244795     
          91   30920.677173149350     
          92   30925.646514112497     
          93   30932.076853629751     
          94   30916.216653068215     
          95   30923.973527552353     
          96   30913.017406162424     
          97   30916.358663350773     
          98   30919.940006504235     
          99   30931.677028832488     
         100   30915.624882410870     
         101   30912.432055708083     
         102   30923.238739030188     
         103   30921.586892555461     
         104   30924.905901709131     
         105   30928.054440643638     
         106   30917.426801844635     
         107   30926.296850294071     
         108   30910.870955258230     
         109   30916.190917175754     
         110   30916.252376314715     
         111   30913.817022613443     
         112   30917.939981129082     
         113   30914.512118370651     
         114   30922.342928861126     
         115   30919.098880740701     
         116   30929.160437116163     
         117   30914.320346404529     
         118   30922.170812410215     
         119   30925.489250339830     
         120   30924.771669864145     
         121   30915.111639589461     
         122   30910.222383251945     
         123   30918.230030164348     
         124   30922.476800578730     
         125   30934.861456742437     
         126   30919.452203317007     
         127   30917.635473202427     
         128   30917.678659387064     
         129   30920.425129190753     
         130   30922.882242853841     
         131   30916.604690613993     
         132   30918.271372804607     
         133   30921.728195748314     
         134   30929.417362575456     
         135   30919.992304559091     
         136   30917.246748159701     
         137   30928.630329266842     
         138   30916.676514811643     
         139   30928.605247898438     
         140   30916.837218466822     
         141   30913.130073823402     
         142   30914.481507786881     
         143   30912.817021989929     
         144   30918.667561892515     
         145   30918.968368740247     
         146   30928.255818642287     
         147   30914.853182649305     
         148   30921.498789846977     
         149   30938.218520916322     
         150   30917.521421654499     
         151   30919.243428216279     
         152   30925.333732776497     
         153   30912.257401691695     
         154   30918.074733295998     
         155   30923.521091311704     
         156   30919.136398742579     
         157   30914.178153965138     
         158   30917.487033117442     
         159   30912.661855843453     
         160   30912.171702914875     
         161   30918.917203769077     
         162   30909.609948639481     
         163   30929.439068353360     
         164   30913.398866976964     
         165   30918.982067350775     
         166   30916.542188115909     
         167   30911.292508189137     
         168   30931.166151391899     
         169   30918.939341927693     
         170   30917.259702177089     
         171   30923.694493198473     
         172   30927.815295400123     
         173   30911.409810108937     
         174   30919.566256680886     
         175   30915.146868314379     
         176   30918.745245204176     
         177   30921.873891369927     
         178   30918.974140165021     
         179   30918.140552024255     
         180   30915.912807064076     
         181   30926.469605304093     
         182   30930.288305990238     
         183   30918.955993198168     
         184   30930.710305340264     
         185   30918.017644899148     
         186   30918.377221337993     
         187   30914.045351622110     
         188   30917.991823634096     
         189   30912.095188709976     
         190   30916.382740682016     
         191   30915.656888361718     
         192   30910.252334052631     
         193   30922.747306402645     
         194   30919.815084094156     
         195   30922.680577070998     
         196   30923.653235471109     
         197   30914.849466807053     
         198   30924.125837259453     
         199   30914.930040162937     
         200   30910.553631141469     
         201   30915.082191040532     
         202   30918.829730703135     
         203   30914.738089921862     
         204   30915.532576916106     
         205   30916.070293508430     
         206   30911.419973612523     
         207   30918.532119811265     
         208   30910.045682817501     
         209   30923.466387893983     
         210   30925.410873903507     
         211   30918.667113942993     
         212   30914.775659066567     
         213   30922.307251168007     
         214   30915.387278656992     
         215   30915.005687592831     
         216   30920.221488211766     
         217   30922.392580037071     
         218   30914.820447086266     
         219   30924.070209887443     
         220   30916.068535923459     
         221   30919.475732921379     
         222   30912.990181527748     
         223   30919.026794171088     
         224   30913.934894450264     
         225   30914.533491056391     
         226   30919.392805282820     
         227   30916.908506516702     
         228   30917.923830296255     
         229   30922.875348983136     
         230   30930.742441251408     
         231   30918.334465090076     
         232   30916.091513489660     
         233   30919.237905796257     
         234   30914.115175960316     
         235   30916.875025794707     
         236   30912.376111929116     
         237   30922.399252374678     
         238   30913.748800688521     
         239   30913.783720606843     
         240   30927.603694374877     
         241   30911.353456694989     
         242   30914.205914442318     
         243   30921.564591511516     
         244   30912.939960329786     
         245   30926.556327199061     
         246   30926.719184009526     
         247   30916.836710767628     
         248   30913.812445361913     
         249   30913.239561511229     
         250   30924.284146944163     
         251   30917.312204626451     
         252   30923.416751662924     
         253   30918.013334568594     
         254   30920.650707578978     
         255   30929.165426618452     
         256   30915.402396853329     
         257   30918.093121183905     
         258   30916.611608544208     
         259   30914.120364143997     
         260   30918.372801053956     
         261   30920.031141530446     
         262   30918.853041320079     
         263   30928.018794150405     
         264   30922.252632697695     
         265   30918.541965542139     
         266   30916.252999430526     
         267   30916.114932251992     
         268   30922.454205317106     
         269   30920.490773180143     
         270   30914.828465287330     
         271   30914.391482943251     
         272   30914.144444752706     
         273   30917.147157617426     
         274   30926.958014834312     
         275   30915.099794497870     
         276   30909.390218408818     
         277   30926.867723855918     
         278   30911.950479836076     
         279   30914.983900866915     
         280   30913.691614543153     
         281   30916.958951666020     
         282   30916.514478245404     
         283   30921.442627662011     
         284   30918.834297714926     
         285   30922.547728010431     
         286   30911.560495446960     
         287   30913.103747835361     
         288   30932.458271431668     
         289   30914.386883238360     
         290   30909.828967048914     
         291   30920.208617799773     
         292   30918.654985987323     
         293   30911.809660431172     
         294   30919.980775080545     
         295   30921.942412373366     
         296   30924.876480086572     
         297   30933.199823300711     
         298   30925.232340791314     
         299   30927.170176637788     
         300   30913.206696160370     
         301   30918.249046422210     
         302   30921.946861938693     
         303   30920.524639105901     
         304   30914.996079003544     
         305   30931.372399257209     
         306   30915.704994410520     
         307   30918.366368080653     
         308   30915.638326695069     
         309   30923.143684928360     
         310   30928.812810762603     
         311   30915.468331265110     
         312   30928.178428160612     
         313   30915.198706823612     
         314   30914.690788685122     
         315   30912.245206377571     
         316   30922.161772822790     
         317   30927.111734853061     
         318   30913.114840146522     
         319   30919.664916995047     
         320   30920.521625707639     
         321   30924.750779560381     
         322   30924.122066571370     
         323   30916.984353925571     
         324   30920.484485085919     
         325   30914.775086383346     
         326   30916.798859818322     
         327   30921.581469497647     
         328   30919.221677999260     
         329   30921.341478580314     
         330   30918.496601657203     
         331   30910.099177295797     
         332   30916.945305845078     
         333   30916.561611286521     
         334   30915.507332959049     
         335   30919.484355930352     
         336   30913.713761672680     
         337   30918.889555028200     
         338   30916.602572918520     
         339   30911.819990280252     
         340   30924.737520821840     
         341   30917.670730794314     
         342   30916.668886882668     
         343   30926.419475345756     
         344   30921.223072827215     
         345   30916.808890812244     
         346   30930.797840126983     
         347   30911.885790280958     
         348   30919.038262853377     
         349   30933.628628540835     
         350   30915.760014015726     
         351   30917.967251827300     
         352   30915.847406763773     
         353   30910.486320389169     
         354   30910.045565314773     
         355   30919.736444222606     
         356   30914.739337359788     
         357   30917.158605785684     
         358   30918.908911483813     
         359   30926.263132170989     
         360   30913.356906423534     
         361   30931.106224257532     
         362   30922.549727928676     
         363   30912.978238045838     
         364   30924.948380550177     
         365   30916.484600777691     
         366   30917.200809323356     
         367   30939.197490299401     
         368   30915.755455063088     
         369   30919.428864400696     
         370   30914.616177791024     
         371   30916.873711168992     
         372   30916.853353231232     
         373   30923.177201102895     
         374   30920.450667801233     
         375   30926.052314630793     
         376   30917.644888323637     
         377   30919.309368542916     
         378   30916.380664706845     
         379   30918.833037925127     
         380   30913.480151239924     
         381   30910.645426133389     
         382   30910.495023172301     
         383   30929.472983574375     
         384   30921.456360103162     
         385   30920.574284915831     
         386   30919.842426128609     
         387   30927.031268625447     
         388   30916.885334972510     
         389   30916.201247942099     
         390   30917.705254002871     
         391   30918.244250050884     
         392   30924.096768766984     
         393   30935.348307422300     
         394   30914.819542587487     
         395   30913.379447271862     
         396   30915.554618383914     
         397   30915.704029813500     
         398   30921.868597081171     
         399   30918.390734260000     
         400   30922.568633819228     
         401   30912.405491343408     
         402   30916.729827991010     
         403   30919.078644054298     
         404   30923.372919865185     
         405   30926.049630813446     
         406   30912.050833643738     
         407   30918.844039672091     
         408   30917.017496884178     
         409   30915.080945888334     
         410   30917.195188987658     
         411   30916.928428524399     
         412   30936.955240087525     
         413   30922.211515868610     
         414   30924.732207987658     
         415   30916.406821853801     
         416   30913.803809808160     
         417   30920.983151924480     
         418   30915.729591078234     
         419   30913.095376789763     
         420   30918.195757650723     
         421   30925.414531468381     
         422   30923.492905739378     
         423   30913.371557921080     
         424   30913.622281914119     
         425   30930.390734658045     
         426   30917.374952267688     
         427   30914.362618895528     
         428   30921.449371508512     
         429   30920.023314200003     
         430   30928.876406202206     
         431   30918.040004648607     
         432   30913.590333783821     
         433   30911.561753520578     
         434   30916.416271023161     
         435   30916.257338608044     
         436   30927.321652206476     
         437   30919.787794124426     
         438   30924.706619089360     
         439   30921.756016699881     
         440   30913.957616486619     
         441   30915.470248954949     
         442   30926.628505898454     
         443   30916.673725913828     
         444   30930.442654991228     
         445   30927.136077006740     
         446   30916.251527573128     
         447   30929.684992370701     
         448   30935.368269560309     
         449   30928.988331966946     
         450   30924.681603589757     
         451   30922.519800432019     
         452   30924.449682674316     
         453   30921.768948766436     
         454   30918.388068753735     
         455   30911.285736909504     
         456   30916.969342933840     
         457   30914.629307479605     
         458   30920.089135997878     
         459   30916.170923124941     
         460   30911.476331512535     
         461   30917.299447293073     
         462   30912.519882939268     
         463   30918.971902726917     
         464   30924.751268151558     
         465   30922.675331481183     
         466   30914.923548689228     
         467   30910.510443324176     
         468   30916.964184223809     
         469   30914.178440526295     
         470   30916.722307966284     
         471   30917.083903928113     
         472   30920.646903021607     
         473   30932.855629697082     
         474   30918.908978392439     
         475   30917.507334974624     
         476   30917.535963009115     
         477   30926.308800433377     
         478   30915.680632009135     
         479   30929.583867185833     
         480   30915.402773933307     
         481   30910.586377463533     
         482   30909.766979490349     
         483   30918.878718162599     
         484   30919.331151849085     
         485   30916.998157100978     
         486   30915.739108285277     
         487   30912.015455877994     
         488   30920.582697386260     
         489   30912.889379852000     
         490   30918.611445219136     
         491   30933.610886983770     
         492   30919.073125908595     
         493   30921.531070422254     
         494   30916.298287405341     
         495   30931.927500892511     
         496   30918.381363234232     
         497   30919.975157878958     
         498   30917.083193017348     
         499   30925.753968796420     
         500   30917.155872652500     
         501   30919.046135436052     
         502   30916.576596965053     
         503   30911.454235198133     
         504   30914.424597701076     
         505   30915.618835499765     
         506   30916.678560670331     
         507   30927.631158262935     
         508   30918.790568278655     
         509   30918.211944009199     
         510   30919.660427779090     
         511   30918.893340394174     
         512   30914.160367670087     
         513   30920.173803935493     
         514   30916.973122803374     
         515   30924.028867197645     
         516   30920.565063174898     
         517   30915.885431601211     
         518   30913.686029295586     
         519   30915.665518790047     
         520   30914.154300055474     
         521   30925.098973096538     
         522   30917.460148849630     
         523   30916.295290545200     
         524   30915.247303756183     
         525   30924.772878283296     
         526   30932.291345200523     
         527   30912.322867109760     
         528   30914.140469807833     
         529   30918.383166718941     
         530   30921.165154346330     
         531   30920.607407580890     
         532   30930.044404120108     
         533   30932.435523024626     
         534   30915.598652809596     
         535   30917.282315259909     
         536   30926.908100695193     
         537   30916.834574561508     
         538   30920.566211725167     
         539   30915.659106609237     
         540   30917.824875074191     
         541   30912.687616185140     
         542   30915.913449909662     
         543   30912.444529884880     
         544   30918.819495178475     
         545   30921.710370165791     
         546   30916.861025541362     
         547   30923.984272239861     
         548   30917.470023310656     
         549   30910.539436892552     
         550   30927.289751141398     
         551   30919.180786858877     
         552   30920.538418913093     
         553   30923.080585602489     
         554   30921.808116475106     
         555   30922.119181200120     
         556   30914.537428786072     
         557   30918.780716598765     
         558   30918.710227964926     
         559   30926.237227718389     
         560   30921.004021853994     
         561   30916.223564416487     
         562   30909.909377724442     
         563   30929.451672336796     
         564   30919.809453166330     
         565   30926.066297001122     
         566   30912.796700194122     
         567   30918.652240619347     
         568   30920.113738437216     
         569   30917.574828755831     
         570   30915.926689801319     
         571   30925.259179654484     
         572   30914.576940857602     
         573   30914.885723991440     
         574   30914.001784553362     
         575   30919.729977442126     
         576   30910.952586549956     
         577   30931.739969913906     
         578   30917.282506413627     
         579   30913.008570063615     
         580   30918.676323028947     
         581   30916.191927445252     
         582   30918.855826275762     
         583   30916.416286860724     
         584   30915.212418495466     
         585   30914.263527116447     
         586   30932.881076728045     
         587   30915.649137562683     
         588   30919.405732658739     
         589   30926.129527092486     
         590   30914.126491478466     
         591   30921.001512222432     
         592   30916.577216417725     
         593   30914.011152839314     
         594   30916.977572761094     
         595   30915.908511118898     
         596   30913.920408960454     
         597   30915.136643583966     
         598   30928.885604629551     
         599   30919.457085835122     
         600   30912.168234771860     
         601   30918.365615070459     
         602   30916.682121933387     
         603   30921.153942078210     
         604   30921.521122838258     
         605   30925.975935658775     
         606   30912.663643269698     
         607   30930.039063078035     
         608   30916.077540245031     
         609   30918.441017071080     
         610   30917.983380841946     
         611   30912.432584416805     
         612   30919.187142718969     
         613   30916.203493712062     
         614   30928.244986164889     
         615   30917.417196764414     
         616   30914.989117838060     
         617   30919.358725357677     
         618   30916.266432625809     
         619   30916.514353618331     
         620   30923.480173500731     
         621   30926.455291504819     
         622   30916.598488629646     
         623   30931.794339266238     
         624   30916.664049312833     
         625   30913.950997899854     
         626   30924.142009254989     
         627   30919.615579790043     
         628   30921.107305034755     
         629   30925.921441464900     
         630   30918.049956290535     
         631   30915.709415983201     
         632   30926.299710537416     
         633   30919.290033936486     
         634   30920.595288938901     
         635   30919.902065895647     
         636   30923.382045838876     
         637   30927.315079770997     
         638   30921.867789261338     
         639   30916.950244145006     
         640   30910.711605547069     
         641   30916.722890322024     
         642   30925.776419096936     
         643   30926.849589039339     
         644   30915.912616223759     
         645   30923.222986633551     
         646   30914.904310027821     
         647   30910.922618302458     
         648   30916.179222120656     
         649   30919.283949223176     
         650   30919.668593069931     
         651   30920.640832713620     
         652   30913.783690654189     
         653   30913.754454844391     
         654   30915.433463073248     
         655   30930.413892773642     
         656   30922.383422529685     
         657   30916.603297718219     
         658   30923.946790808717     
         659   30916.827835354259     
         660   30924.440505545459     
         661   30916.916537835208     
         662   30915.781729004582     
         663   30916.935069158015     
         664   30916.094247424931     
         665   30913.245047560620     
         666   30919.697525191474     
         667   30915.622175469285     
         668   30916.992229852363     
         669   30933.188703991356     
         670   30915.966874306923     
         671   30922.416240496244     
         672   30908.674051835103     
         673   30921.352993278808     
         674   30916.851254013152     
         675   30920.404240703407     
         676   30917.925341081889     
         677   30925.566638636075     
         678   30925.066671590623     
         679   30919.444499891488     
         680   30920.509784505233     
         681   30919.939474629071     
         682   30917.892066358687     
         683   30913.085430261013     
         684   30923.612016870829     
         685   30914.151372290064     
         686   30915.665266496730     
         687   30920.953870071779     
         688   30914.847727059529     
         689   30926.288589059364     
         690   30920.850065667899     
         691   30917.401097323716     
         692   30920.139823319994     
         693   30910.222053747555     
         694   30916.109175091864     
         695   30913.629518522153     
         696   30918.368815328584     
         697   30912.228222285183     
         698   30923.732909376351     
         699   30928.240953203491     
         700   30915.017680665234     
         701   30922.899561119440     
         702   30918.251777123973     
         703   30913.940891302987     
         704   30920.640004189569     
         705   30912.767138757736     
         706   30932.433289575780     
         707   30917.039957116111     
         708   30917.344436782711     
         709   30921.551005950590     
         710   30925.182283162150     
         711   30920.320867295821     
         712   30912.676391419216     
         713   30916.426075188290     
         714   30925.403989168350     
         715   30918.587733075776     
         716   30924.113493314300     
         717   30926.288666514978     
         718   30916.114108279169     
         719   30923.410196514826     
         720   30924.206560378312     
         721   30913.866164101186     
         722   30917.269538195866     
         723   30923.516922250274     
         724   30921.388588354876     
         725   30919.962581204913     
         726   30934.206647067127     
         727   30924.240357729486     
         728   30921.172644373612     
         729   30913.921951643599     
         730   30918.152375057361     
         731   30920.423017218011     
         732   30916.832002852392     
         733   30913.475951185166     
         734   30927.206394743425     
         735   30917.216763836750     
         736   30928.292819300797     
         737   30915.702090793882     
         738   30918.787735576971     
         739   30921.598106438392     
         740   30917.228606738347     
         741   30925.236895855898     
         742   30913.461828578744     
         743   30915.599143726988     
         744   30925.335089322929     
         745   30919.495223730457     
         746   30926.897837099987     
         747   30928.696963218055     
         748   30919.179877257142     
         749   30912.048526172766     
         750   30915.317438364349     
         751   30921.910301434469     
         752   30921.741347264408     
         753   30909.667279436755     
         754   30921.994569350758     
         755   30912.195608687976     
         756   30917.742892856364     
         757   30913.324183551889     
         758   30917.112195865218     
         759   30918.696954255713     
         760   30924.644471446962     
         761   30920.555692936752     
         762   30917.026294147799     
         763   30918.353573603399     
         764   30912.885396452573     
         765   30914.370733810279     
         766   30913.172555277324     
         767   30914.682407699958     
         768   30921.204654511024     
         769   30925.084445843320     
         770   30920.537234400384     
         771   30929.123140357919     
         772   30911.447551815094     
         773   30919.751086667780     
         774   30916.913288566695     
         775   30914.088051718372     
         776   30920.244740876005     
         777   30914.673446468201     
         778   30916.317564699431     
         779   30922.551875824651     
         780   30926.773115548094     
         781   30920.966140685356     
         782   30924.893340813498     
         783   30916.353318631878     
         784   30911.044167343072     
         785   30916.355292469583     
         786   30913.120912546783     
         787   30916.269252290338     
         788   30918.271397748817     
         789   30925.692031583287     
         790   30921.960714912479     
         791   30916.177742283977     
         792   30917.702524382414     
         793   30912.404919525845     
         794   30911.644297732524     
         795   30915.563011930048     
         796   30913.805251860795     
         797   30910.778765549476     
         798   30918.712763922980     
         799   30920.269244542989     
         800   30920.601097093771     
         801   30917.310554319210     
         802   30914.834490178397     
         803   30923.950167977600     
         804   30918.032807499076     
         805   30921.107323842880     
         806   30911.653862086041     
         807   30925.350034455794     
         808   30922.074461814005     
         809   30916.310768306284     
         810   30915.008902373007     
         811   30935.260731522474     
         812   30912.974245844420     
         813   30914.471602077319     
         814   30931.523687504829     
         815   30922.597346650666     
         816   30915.163004675946     
         817   30918.295807841430     
         818   30925.697897901020     
         819   30926.572491859279     
         820   30916.764625863962     
         821   30915.507156268941     
         822   30918.822451898559     
         823   30913.914953204774     
         824   30923.544117742600     
         825   30921.139691185766     
         826   30940.578268245288     
         827   30922.194863092544     
         828   30929.211932634807     
         829   30922.539852544047     
         830   30920.659328815411     
         831   30914.170274337641     
         832   30912.668717014891     
         833   30921.313793931313     
         834   30917.682308164498     
         835   30916.603011524992     
         836   30922.064981023450     
         837   30924.408889965121     
         838   30916.762434444870     
         839   30917.357289352756     
         840   30914.438053418176     
         841   30921.625404924456     
         842   30915.340060164701     
         843   30915.998331145434     
         844   30913.648859006094     
         845   30918.281765265281     
         846   30919.540174695521     
         847   30914.946156037327     
         848   30915.932716219875     
         849   30916.066772809118     
         850   30920.650727284316     
         851   30919.851743177533     
         852   30914.557741417804     
         853   30915.331870359641     
         854   30917.483428258729     
         855   30914.468612435401     
         856   30924.558324661513     
         857   30922.157311610816     
         858   30908.621188549383     
         859   30927.459614429699     
         860   30918.965894827448     
         861   30912.827806461519     
         862   30922.029489656452     
         863   30916.618794775302     
         864   30921.321843841910     
         865   30918.475512121629     
         866   30924.071762339376     
         867   30916.881845164979     
         868   30915.376941774099     
         869   30909.313587371591     
         870   30918.896645615474     
         871   30926.086827443978     
         872   30921.240416069289     
         873   30915.487918372597     
         874   30914.802946116411     
         875   30922.910915333880     
         876   30919.031008267324     
         877   30912.189622820068     
         878   30909.505587001833     
         879   30913.521622094839     
         880   30927.207163053990     
         881   30909.989169170200     
         882   30916.171027347245     
         883   30910.896854714971     
         884   30931.922057503023     
         885   30914.374049390437     
         886   30911.509132076371     
         887   30914.765377681655     
         888   30917.470261437949     
         889   30912.856411960969     
         890   30915.841251944181     
         891   30925.250616537251     
         892   30921.732239774203     
         893   30921.762718470953     
         894   30916.668792572404     
         895   30921.861181376746     
         896   30913.029424918936     
         897   30936.973504606751     
         898   30921.912353831169     
         899   30917.985394688414     
         900   30916.824752093660     
         901   30914.983234228461     
         902   30913.136759611494     
         903   30923.566891825263     
         904   30920.455774108523     
         905   30920.882118241316     
         906   30910.334775031246     
         907   30918.127827384786     
         908   30920.195275058588     
         909   30916.446731544875     
         910   30923.856718141866     
         911   30913.975419486171     
         912   30919.462529468066     
         913   30914.290030867960     
         914   30917.257551638770     
         915   30912.008797491359     
         916   30913.158518006414     
         917   30911.509963325949     
         918   30920.143890685795     
         919   30926.129907985673     
         920   30916.714147833976     
         921   30923.570626830449     
         922   30913.052754587654     
         923   30936.084586318029     
         924   30917.316871632320     
         925   30920.438906503015     
         926   30923.289600871449     
         927   30915.267352125717     
         928   30924.615349852189     
         929   30924.401697027166     
         930   30918.569540741915     
         931   30926.234745256421     
         932   30910.225285613171     
         933   30909.691446974008     
         934   30926.052750181872     
         935   30918.909587003607     
         936   30922.994250590884     
         937   30911.841191972901     
         938   30913.319267127106     
         939   30916.273977759687     
         940   30915.805559807686     
         941   30917.507371261294     
         942   30919.033057979279     
         943   30920.863956603251     
         944   30924.001040572701     
         945   30927.362294992407     
         946   30914.586408458636     
         947   30920.126681255664     
         948   30922.968086011595     
         949   30925.853246295665     
         950   30912.739064040350     
         951   30915.082115380428     
         952   30919.937574598902     
         953   30921.100578016943     
         954   30913.288612536384     
         955   30917.518822760503     
         956   30923.082354790306     
         957   30917.341463078119     
         958   30910.238372049338     
         959   30913.636822491284     
         960   30915.029878657693     
         961   30913.571379348854     
         962   30914.180431000907     
         963   30921.126906837137     
         964   30912.819318760343     
         965   30918.432790692405     
         966   30913.503507286670     
         967   30914.367502799359     
         968   30915.113870730689     
         969   30916.114004366838     
         970   30928.337460467868     
         971   30915.474248374623     
         972   30915.156554573125     
         973   30915.903571127961     
         974   30922.630747686417     
         975   30911.777209451659     
         976   30912.069181907642     
         977   30927.406911601254     
         978   30917.967089113230     
         979   30911.164085146873     
         980   30908.602488349592     
         981   30922.843043699388     
         982   30921.083817122370     
         983   30922.010693086675     
         984   30920.222137319273     
         985   30915.721743579415     
         986   30921.499895102217     
         987   30918.533455098499     
         988   30912.842513348485     
         989   30911.330602138718     
         990   30919.369351116376     
         991   30913.573835617495     
         992   30917.027351795190     
         993   30922.731416318311     
         994   30922.091640853498     
         995   30921.051314328095     
         996   30915.654503982540     
         997   30916.973430027567     
         998   30917.491605415915     
         999   30910.834500513749     
        1000   30915.221190979941     
        1001   30914.908643359038     
        1002   30937.739054890044     
        1003   30916.165461718690     
        1004   30920.472792805231     
        1005   30924.137684693022     
        1006   30915.136612824164     
        1007   30917.766269678083     
        1008   30935.192350774596     
        1009   30930.299578876500     
        1010   30919.529064505397     
        1011   30913.402666498274     
        1012   30919.691729529732     
        1013   30908.846656896403     
        1014   30929.388990659343     
        1015   30916.510492331585     
        1016   30921.716837881228     
        1017   30921.326027477691     
        1018   30925.802783310348     
        1019   30919.077978202775     
        1020   30919.600238158007     
        1021   30914.731924762553     
        1022   30914.853950932917     
        1023   30912.020049287148     
        1024   30921.487164550941     
        1025   30917.733672592934     
        1026   30911.830865567954     
        1027   30923.994483760729     
        1028   30916.166931170617     
        1029   30916.370714176825     
        1030   30914.062417185378     
        1031   30913.895523037500     
        1032   30923.819479172194     
        1033   30916.584143751374     
        1034   30917.026926080740     
        1035   30920.252845236988     
        1036   30911.238990652975     
        1037   30926.115581774036     
        1038   30914.200969495902     
        1039   30913.569067506964     
        1040   30918.954898275300     
        1041   30922.056539662746     
        1042   30917.454410802893     
        1043   30917.732715982365     
        1044   30920.322810093952     
        1045   30915.555160556683     
        1046   30913.629739082015     
        1047   30910.821771826242     
        1048   30912.940715849338     
        1049   30920.076568243643     
        1050   30913.790883492224     
        1051   30913.864623995396     
        1052   30921.880020956549     
        1053   30916.579117947735     
        1054   30919.118509909273     
        1055   30916.260885562315     
        1056   30920.850053746461     
        1057   30920.105124895999     
        1058   30917.507132415096     
        1059   30916.068753628500     
        1060   30919.106469087019     
        1061   30924.453149839530     
        1062   30920.966158514289     
        1063   30924.949831378770     
        1064   30922.620902330997     
        1065   30919.914905224745     
        1066   30921.422158469279     
        1067   30921.530349396962     
        1068   30919.879048922641     
        1069   30918.861176458544     
        1070   30919.075377825771     
        1071   30929.156527240844     
        1072   30920.279432757179     
        1073   30917.400106233094     
        1074   30933.845227774767     
        1075   30910.044928376235     
        1076   30919.758128707992     
        1077   30919.542291534992     
        1078   30911.112527840447     
        1079   30921.196999202988     
        1080   30915.220664116710     
        1081   30912.413060656752     
        1082   30920.767083327697     
        1083   30925.213234042392     
        1084   30911.963018414779     
        1085   30915.838299024363     
        1086   30919.610454324080     
        1087   30918.704864133349     
        1088   30921.341939180853     
        1089   30916.263828286479     
        1090   30930.402057826501     
        1091   30910.708805333685     
        1092   30917.795261382584     
        1093   30916.302811358910     
        1094   30921.050623451054     
        1095   30921.354421054577     
        1096   30923.993046798889     
        1097   30929.209858190465     
        1098   30911.392218781199     
        1099   30916.244617316072     
        1100   30934.773214425892     
        1101   30910.199633438740     
        1102   30915.395725135360     
        1103   30921.681190236082     
        1104   30912.079247010883     
        1105   30916.780163047955     
        1106   30918.111626879530     
        1107   30917.259305351898     
        1108   30927.604955832285     
        1109   30918.279541467164     
        1110   30920.186860619535     
        1111   30923.535566133534     
        1112   30920.196916310018     
        1113   30915.653230041818     
        1114   30924.583735813074     
        1115   30912.797916092972     
        1116   30914.597827036272     
        1117   30912.918519015806     
        1118   30930.942992406843     
        1119   30922.411569167627     
        1120   30914.781740069877     
        1121   30920.416105761295     
        1122   30919.468822065977     
        1123   30918.402729737481     
        1124   30913.117383633689     
        1125   30929.417814828772     
        1126   30917.941033631647     
        1127   30920.090458582843     
        1128   30929.393389229859     
        1129   30924.825841600803     
        1130   30921.964441636759     
        1131   30914.494027288729     
        1132   30922.052937980992     
        1133   30920.617595670257     
        1134   30915.845434178427     
        1135   30923.177612150812     
        1136   30921.119370498356     
        1137   30918.551679604676     
        1138   30925.869542721317     
        1139   30918.162015460926     
        1140   30924.098964641318     
        1141   30919.011754396241     
        1142   30912.386891441343     
        1143   30921.827148905759     
        1144   30911.240347539599     
        1145   30910.674854005232     
        1146   30913.337207905246     
        1147   30913.830570157519     
        1148   30917.864755042923     
        1149   30922.069231661368     
        1150   30915.139175831493     
        1151   30919.600440600767     
        1152   30925.476701251748     
        1153   30914.478153025313     
        1154   30918.743390258562     
        1155   30924.339372605409     
        1156   30921.474762266102     
        1157   30915.678859940210     
        1158   30915.045611435413     
        1159   30915.720057933315     
        1160   30916.088460622206     
        1161   30916.204769887048     
        1162   30915.967476359830     
        1163   30916.223703399937     
        1164   30922.780780877765     
        1165   30926.368488874108     
        1166   30919.674431514955     
        1167   30917.698778610593     
        1168   30917.987540651044     
        1169   30918.878202276319     
        1170   30914.216484069668     
        1171   30934.853233990980     
        1172   30923.918918983240     
        1173   30916.007388147740     
        1174   30922.244023668369     
        1175   30923.189961779543     
        1176   30915.244093341669     
        1177   30912.263571604610     
        1178   30918.917043924586     
        1179   30916.947158532334     
        1180   30913.244249418884     
        1181   30915.713197549565     
        1182   30924.895118086821     
        1183   30926.164402161667     
        1184   30917.521427542521     
        1185   30920.722206324630     
        1186   30917.213021501251     
        1187   30928.246825575396     
        1188   30918.070715234793     
        1189   30919.917440794168     
        1190   30920.963485175398     
        1191   30915.615140713733     
        1192   30910.252861573499     
        1193   30915.121001486626     
        1194   30920.861984479146     
        1195   30929.002975650506     
        1196   30916.428621238643     
        1197   30919.175594118533     
        1198   30917.703258084275     
        1199   30922.353767611101     
        1200   30914.272323553232     
        1201   30929.904502351150     
        1202   30920.198589993866     
        1203   30917.155977905993     
        1204   30913.956815131711     
        1205   30916.176668613010     
        1206   30908.825217823676     
        1207   30911.199097153494     
        1208   30923.819116682567     
        1209   30922.849964189856     
        1210   30915.703299514433     
        1211   30915.892949056422     
        1212   30916.717481548450     
        1213   30920.501175956375     
        1214   30916.335224278650     
        1215   30931.947979021894     
        1216   30916.219924980447     
        1217   30917.842546293417     
        1218   30920.982389681583     
        1219   30920.946583776135     
        1220   30919.395580959190     
        1221   30910.627346449204     
        1222   30918.005953768945     
        1223   30938.834859901508     
        1224   30916.653063552651     
        1225   30913.247094490780     
        1226   30913.362446164618     
        1227   30921.288360451614     
        1228   30933.103213054241     
        1229   30918.594017327308     
        1230   30916.080917489900     
        1231   30914.311885944666     
        1232   30911.565039624726     
        1233   30928.367648172138     
        1234   30922.878230004728     
        1235   30912.168929780804     
        1236   30912.878967026201     
        1237   30913.341354098993     
        1238   30912.887302876945     
        1239   30929.513672740832     
        1240   30930.250546886382     
        1241   30920.116839245457     
        1242   30930.598557059217     
        1243   30915.527250208645     
        1244   30912.552629675472     
        1245   30922.035468973008     
        1246   30910.533070669870     
        1247   30915.419288073659     
        1248   30915.825729859211     
        1249   30921.595589323533     
        1250   30920.176975780269     
        1251   30914.104449973431     
        1252   30922.414884527734     
        1253   30915.197754821933     
        1254   30916.097868205659     
        1255   30907.675237586041     
        1256   30916.725681767439     
        1257   30927.357808500095     
        1258   30919.257289578658     
        1259   30917.921236775488     
        1260   30916.934735683753     
        1261   30915.229442803848     
        1262   30924.082714147306     
        1263   30923.700816820063     
        1264   30918.787843360271     
        1265   30917.012813994355     
        1266   30915.215110876947     
        1267   30923.197506643715     
        1268   30916.885028516605     
        1269   30931.341235786971     
        1270   30920.028410960931     
        1271   30919.679357425852     
        1272   30926.060482898934     
        1273   30917.888942974874     
        1274   30917.415366034631     
        1275   30914.759490518223     
        1276   30918.856364445772     
        1277   30914.494705140842     
        1278   30919.690309606158     
        1279   30918.262140912695     
        1280   30919.818540987966     
        1281   30920.187671667551     
        1282   30929.164289928514     
        1283   30913.952062553093     
        1284   30917.154827909006     
        1285   30933.742480828791     
        1286   30921.889480012818     
        1287   30921.036124781796     
        1288   30926.839180243504     
        1289   30912.338496294949     
        1290   30925.008359389241     
        1291   30921.812396022346     
        1292   30911.082096386053     
        1293   30913.349032854250     
        1294   30925.353007289123     
        1295   30923.243390101146     
        1296   30922.214538122120     
        1297   30920.374280324151     
        1298   30910.637107674411     
        1299   30923.784037363344     
        1300   30936.088751962609     
        1301   30914.636432406714     
        1302   30913.845159853659     
        1303   30919.791009872366     
        1304   30916.168510800533     
        1305   30928.789319538602     
        1306   30917.008033903756     
        1307   30912.893422924022     
        1308   30920.652628052343     
        1309   30916.280011783718     
        1310   30920.326159897093     
        1311   30913.077671555751     
        1312   30914.103941409427     
        1313   30937.385352639933     
        1314   30933.115389465969     
        1315   30915.841101945203     
        1316   30912.940458224330     
        1317   30917.703929601161     
        1318   30913.635268414993     
        1319   30919.198169033694     
        1320   30930.621695661732     
        1321   30920.743138698301     
        1322   30922.335130671068     
        1323   30919.559160315850     
        1324   30919.062802309112     
        1325   30914.357192745221     
        1326   30912.795301520317     
        1327   30921.911136026549     
        1328   30916.116259755170     
        1329   30927.414158238109     
        1330   30915.954223845347     
        1331   30919.151972814787     
        1332   30916.321212861632     
        1333   30913.388272674179     
        1334   30910.742535682566     
        1335   30932.333784083923     
        1336   30914.767435853959     
        1337   30913.202952066680     
        1338   30923.570217818593     
        1339   30921.976803807534     
        1340   30912.701138772216     
        1341   30914.333246147144     
        1342   30916.772029394768     
        1343   30918.851307728062     
        1344   30919.648304739738     
        1345   30924.482458116072     
        1346   30913.913631045696     
        1347   30918.005000880592     
        1348   30917.986734670452     
        1349   30922.320195917771     
        1350   30921.283776606422     
        1351   30913.206135613214     
        1352   30908.625035569548     
        1353   30915.900149607496     
        1354   30923.901869634228     
        1355   30920.592745048005     
        1356   30917.198703517814     
        1357   30920.821451740467     
        1358   30922.273169969882     
        1359   30922.451145989344     
        1360   30930.571218332683     
        1361   30921.608236158987     
        1362   30914.678511666436     
        1363   30918.066365854993     
        1364   30918.277368989540     
        1365   30921.748976247789     
        1366   30919.830484365808     
        1367   30916.410207777244     
        1368   30922.773172308356     
        1369   30926.358102802562     
        1370   30914.232269041815     
        1371   30917.671613341321     
        1372   30913.850553969354     
        1373   30922.655823276535     
        1374   30925.343823896881     
        1375   30914.309889693239     
        1376   30923.858601200343     
        1377   30915.402265508528     
        1378   30937.096980869115     
        1379   30913.040203324614     
        1380   30918.425538247473     
        1381   30927.019627192294     
        1382   30911.879372703428     
        1383   30924.232727586616     
        1384   30928.800776579621     
        1385   30914.511955337272     
        1386   30924.579410984472     
        1387   30910.868337131098     
        1388   30913.336635108892     
        1389   30923.096165921444     
        1390   30919.918555933076     
        1391   30926.479188953945     
        1392   30918.597091230647     
        1393   30925.106330653649     
        1394   30927.868168502420     
        1395   30914.032588603830     
        1396   30918.693029745642     
        1397   30913.245806461335     
        1398   30922.234595897349     
        1399   30917.583674780624     
        1400   30913.801212871225     
        1401   30924.384204837170     
        1402   30908.508868735451     
        1403   30912.814155843578     
        1404   30914.648535015429     
        1405   30910.902509750340     
        1406   30911.344945897061     
        1407   30921.825888216590     
        1408   30920.156295689252     
        1409   30921.706674992794     
        1410   30919.311943556299     
        1411   30916.623170548741     
        1412   30923.964277693318     
        1413   30911.187129086942     
        1414   30924.161731594882     
        1415   30919.386486816860     
        1416   30921.117501032957     
        1417   30914.132412326591     
        1418   30921.346311931731     
        1419   30917.985776891739     
        1420   30918.081142320443     
        1421   30915.102315077143     
        1422   30915.426829519471     
        1423   30913.788841662816     
        1424   30917.011435156499     
        1425   30915.815234834259     
        1426   30912.285150374504     
        1427   30912.770784808676     
        1428   30923.597898127235     
        1429   30918.620567350612     
        1430   30919.364065172922     
        1431   30920.486211693111     
        1432   30911.875526048429     
        1433   30926.910183358363     
        1434   30919.694656884600     
        1435   30908.609725686852     
        1436   30918.861230845872     
        1437   30914.570302934953     
        1438   30925.565501230063     
        1439   30914.077644259291     
        1440   30912.351847012455     
        1441   30924.205650127886     
        1442   30918.614883674891     
        1443   30924.626536536696     
        1444   30928.132851792489     
        1445   30918.374314971072     
        1446   30920.659445093985     
        1447   30912.314995628112     
        1448   30912.333059842200     
        1449   30919.496844339468     
        1450   30920.132628062984     
        1451   30919.468175643353     
        1452   30915.926938938603     
        1453   30916.419766444738     
        1454   30932.168452871250     
        1455   30922.727425693869     
        1456   30922.732061386618     
        1457   30917.928559875960     
        1458   30915.568436225632     
        1459   30915.155049557838     
        1460   30918.428321653235     
        1461   30912.373179709055     
        1462   30913.601531440356     
        1463   30916.130166004667     
        1464   30914.686954420518     
        1465   30916.535202111871     
        1466   30918.561787075698     
        1467   30913.673275609759     
        1468   30921.016659066194     
        1469   30921.677634306405     
        1470   30916.451602048066     
        1471   30913.728266070368     
        1472   30922.680262714788     
        1473   30920.191221692472     
        1474   30916.316327316570     
        1475   30922.376646286284     
        1476   30921.829282609819     
        1477   30923.223761435038     
        1478   30943.132619212174     
        1479   30911.603822998775     
        1480   30914.566670904500     
        1481   30928.766457640395     
        1482   30919.561524991615     
        1483   30910.624777244466     
        1484   30911.717305352497     
        1485   30920.858491034647     
        1486   30922.470724989267     
        1487   30933.044012588711     
        1488   30916.488830410668     
        1489   30925.647223338845     
        1490   30929.734070749590     
        1491   30917.586896895471     
        1492   30922.248830736859     
        1493   30915.004408261761     
        1494   30923.741735303618     
        1495   30925.124903196935     
        1496   30924.891518701006     
        1497   30923.805783885389     
        1498   30913.711754957207     
        1499   30912.931497356734     
        1500   30913.365539507726     
        1501   30923.353936075549     
        1502   30924.200225573004     
        1503   30918.845200138243     
        1504   30922.004804527645     
        1505   30915.843078809492     
        1506   30916.389872433683     
        1507   30918.196333340271     
        1508   30922.855850600743     
        1509   30915.866376668899     
        1510   30916.936524252531     
        1511   30915.783253425503     
        1512   30921.557880625885     
        1513   30914.697776249264     
        1514   30922.664878677788     
        1515   30933.175976300095     
        1516   30915.007223179728     
        1517   30920.304640099243     
        1518   30909.902659512187     
        1519   30916.642329310973     
        1520   30913.296241958902     
        1521   30916.903673371824     
        1522   30924.144393015358     
        1523   30913.891821429341     
        1524   30921.781409197738     
        1525   30908.483938032412     
        1526   30915.063751375419     
        1527   30913.337362327733     
        1528   30928.524040266104     
        1529   30914.467129547400     
        1530   30921.763039851423     
        1531   30918.141803525963     
        1532   30918.880689683901     
        1533   30909.754820839749     
        1534   30925.585525985865     
        1535   30915.628531078928     
        1536   30925.667054835027     
        1537   30915.846330388711     
        1538   30925.713039609531     
        1539   30920.554625346991     
        1540   30913.219206714544     
        1541   30916.715624450550     
        1542   30922.669248737886     
        1543   30924.591207011548     
        1544   30920.714350016617     
        1545   30920.402094580688     
        1546   30924.152327284501     
        1547   30911.778965402016     
        1548   30918.776477460975     
        1549   30910.764438203681     
        1550   30914.733788843208     
        1551   30918.312332221536     
        1552   30924.763329683548     
        1553   30915.057789902141     
        1554   30922.057166595780     
        1555   30910.309137394666     
        1556   30919.785771125007     
        1557   30929.230682683890     
        1558   30924.608090223250     
        1559   30915.352324388445     
        1560   30917.013190764468     
        1561   30924.899373992081     
        1562   30922.024336757011     
        1563   30916.128623955403     
        1564   30917.726466619089     
        1565   30916.183255047905     
        1566   30919.116771605695     
        1567   30919.874706594186     
        1568   30932.956707318699     
        1569   30920.979977207047     
        1570   30917.904195281113     
        1571   30928.123582465640     
        1572   30915.527102952590     
        1573   30927.363582404469     
        1574   30920.731454149602     
        1575   30913.454389765666     
        1576   30928.536105914525     
        1577   30921.504332100943     
        1578   30930.232465384597     
        1579   30919.265550883683     
        1580   30928.783875382775     
        1581   30930.277480804994     
        1582   30922.223021652997     
        1583   30929.196109896089     
        1584   30930.063750398032     
        1585   30922.152243636578     
        1586   30920.726225121150     
        1587   30915.296897648557     
        1588   30913.339700962730     
        1589   30915.612439210527     
        1590   30921.529123458582     
        1591   30937.351479771220     
        1592   30919.011908541244     
        1593   30914.948387579410     
        1594   30921.126711525401     
        1595   30921.498018915809     
        1596   30921.354208122233     
        1597   30916.598712367242     
        1598   30932.248802668255     
        1599   30929.892174401015     
        1600   30918.658772651179     
        1601   30918.720374022421     
        1602   30922.082212163528     
        1603   30913.185612099471     
        1604   30942.335094889862     
        1605   30915.630046563798     
        1606   30920.326821557112     
        1607   30913.387995028468     
        1608   30911.637324509240     
        1609   30912.475071563746     
        1610   30913.384977388294     
        1611   30939.132027683198     
        1612   30921.549578994443     
        1613   30911.235175546186     
        1614   30912.914856871790     
        1615   30919.916798703234     
        1616   30911.656568222035     
        1617   30916.553116723742     
        1618   30917.330817649668     
        1619   30916.514226077790     
        1620   30922.909026850710     
        1621   30918.976956789389     
        1622   30927.684599536424     
        1623   30921.006425013762     
        1624   30912.794110321043     
        1625   30932.571697750893     
        1626   30925.238340693853     
        1627   30911.226211883884     
        1628   30913.287747718205     
        1629   30921.144254078226     
        1630   30914.875269493547     
        1631   30916.519212579980     
        1632   30926.570764896540     
        1633   30917.443247028179     
        1634   30928.321077809087     
        1635   30924.667428689718     
        1636   30919.688175175899     
        1637   30918.613726112722     
        1638   30918.002191832347     
        1639   30910.561114856078     
        1640   30915.796712749823     
        1641   30912.774118369256     
        1642   30922.561630456355     
        1643   30916.280290160095     
        1644   30918.303285761318     
        1645   30925.391206921584     
        1646   30931.297373811081     
        1647   30916.184169429340     
        1648   30916.468662322695     
        1649   30918.147700864443     
        1650   30917.674481808808     
        1651   30919.307497893449     
        1652   30918.786476474499     
        1653   30912.690118683699     
        1654   30919.784744603054     
        1655   30911.097649273783     
        1656   30921.459692875876     
        1657   30918.638483150331     
        1658   30916.406832336634     
        1659   30914.068976611441     
        1660   30922.672549494251     
        1661   30929.386303560692     
        1662   30935.368939139858     
        1663   30922.236036959257     
        1664   30915.994828303610     
        1665   30920.926882995143     
        1666   30916.525167025189     
        1667   30917.724260481664     
        1668   30920.804463221859     
        1669   30924.481917217694     
        1670   30915.856955114283     
        1671   30915.505990820067     
        1672   30930.104751692626     
        1673   30919.651783834146     
        1674   30916.467627752510     
        1675   30918.762678984720     
        1676   30921.193947062111     
        1677   30912.625197162819     
        1678   30918.278470814592     
        1679   30927.789268675628     
        1680   30913.757662628130     
        1681   30916.278066326642     
        1682   30922.564848707021     
        1683   30925.799684438582     
        1684   30918.448031786775     
        1685   30924.157788528308     
        1686   30915.817578505634     
        1687   30927.288401705231     
        1688   30916.169607169839     
        1689   30917.596926288916     
        1690   30913.309551982238     
        1691   30916.013125924837     
        1692   30911.803359641042     
        1693   30912.731155952752     
        1694   30915.359873621535     
        1695   30918.222546404348     
        1696   30917.508103977139     
        1697   30922.907861583124     
        1698   30918.152695152334     
        1699   30922.221217554183     
        1700   30922.518494204367     
        1701   30919.905354817893     
        1702   30925.427231408186     
        1703   30933.769069966849     
        1704   30913.136212480047     
        1705   30913.294944824578     
        1706   30918.903917875559     
        1707   30913.758613655173     
        1708   30918.542937540802     
        1709   30915.725865068031     
        1710   30915.214375736108     
        1711   30916.615267681711     
        1712   30921.332168947749     
        1713   30917.289391345610     
        1714   30916.811201348952     
        1715   30915.048868330876     
        1716   30914.614320106426     
        1717   30923.972838622536     
        1718   30909.303463884633     
        1719   30921.660353461131     
        1720   30921.933874020502     
        1721   30916.377753735353     
        1722   30917.349884122170     
        1723   30922.594644073477     
        1724   30918.316271651114     
        1725   30918.628661775005     
        1726   30914.739772000201     
        1727   30923.501689628552     
        1728   30914.609348845450     
        1729   30913.763940556055     
        1730   30914.060369637740     
        1731   30917.300893724263     
        1732   30926.156735771765     
        1733   30919.601489772569     
        1734   30917.786186307942     
        1735   30925.371411482309     
        1736   30920.430118153607     
        1737   30917.061924364596     
        1738   30937.692487254004     
        1739   30911.708531042354     
        1740   30915.211189294820     
        1741   30914.079840571118     
        1742   30919.808338950359     
        1743   30921.226705748551     
        1744   30933.590492295963     
        1745   30922.286305719321     
        1746   30920.789945828343     
        1747   30915.417984622687     
        1748   30914.111314245136     
        1749   30910.601958321495     
        1750   30912.491950123251     
        1751   30923.587865440932     
        1752   30916.443431629788     
        1753   30912.497711020253     
        1754   30919.590821637132     
        1755   30919.352990108026     
        1756   30923.125727227074     
        1757   30914.709484880292     
        1758   30919.862232376250     
        1759   30918.418449142551     
        1760   30921.855508339828     
        1761   30909.323381387418     
        1762   30911.608496416957     
        1763   30920.572351691728     
        1764   30914.919739295587     
        1765   30914.556947869711     
        1766   30917.743714111661     
        1767   30924.946713059337     
        1768   30918.352864702440     
        1769   30922.932265593743     
        1770   30909.638621518196     
        1771   30918.183757239880     
        1772   30921.697112139434     
        1773   30915.480218984660     
        1774   30919.111422670936     
        1775   30914.820683606773     
        1776   30915.799783856764     
        1777   30918.749335476961     
        1778   30918.695737953782     
        1779   30915.022115630338     
        1780   30924.739443496183     
        1781   30920.635810516105     
        1782   30926.209888826317     
        1783   30911.011825430687     
        1784   30919.614849815644     
        1785   30913.939577252146     
        1786   30914.810325014754     
        1787   30929.659006721369     
        1788   30914.915953915544     
        1789   30912.848837266873     
        1790   30928.867862445753     
        1791   30915.426495664891     
        1792   30911.331374650104     
        1793   30913.006205672373     
        1794   30913.324611388132     
        1795   30926.171210534394     
        1796   30920.998059233891     
        1797   30924.937331957728     
        1798   30919.093681798859     
        1799   30913.158117068899     
        1800   30920.582214979684     
        1801   30944.406289884751     
